0 57 0.1651875 0.3985416666666666 0.13953125 0.16408333333333333
0 58 0.30520312499999996 0.4205104166666666 0.1114375 0.13822916666666665
0 59 0.38611718749999996 0.38368749999999996 0.034890624999999995 0.0465
0 60 0.4374765625 0.3869270833333333 0.048453125 0.06072916666666666
0 61 0.5091796875 0.39532291666666663 0.056203125 0.07235416666666666
0 62 0.5615078124999999 0.3869166666666667 0.038765625 0.050374999999999996
0 63 0.642734375 0.40501041666666665 0.09109375 0.09689583333333333
0 64 0.7083046875 0.3856354166666666 0.057171875000000004 0.08397916666666667
0 65 0.77953125 0.39080208333333327 0.07753125 0.0788125
0 66 0.8643203125 0.38757291666666666 0.082359375 0.08010416666666667
