0 149 0.1268359375 0.44795833333333335 0.067578125 0.08333333333333333
0 150 0.183828125 0.4247708333333333 0.0484375 0.07291666666666667
0 151 0.22803125 0.4129375 0.0421875 0.06875
0 152 0.26106250000000003 0.4001458333333333 0.03125 0.0625
0 153 0.2894375 0.39314583333333336 0.0234375 0.0625
0 154 0.31396875 0.38377083333333334 0.0203125 0.04375
0 155 0.33659374999999997 0.3826875 0.01875 0.04583333333333333
0 156 0.6445624999999999 0.41069791666666666 0.080875 0.0905625
0 157 0.538046875 0.37572916666666667 0.025 0.04145833333333333
0 158 0.425875 0.378875 0.025 0.035416666666666666
0 160 0.36315624999999996 0.3764375 0.021875 0.0375
0 161 0.49315625 0.37954166666666667 0.0234375 0.035416666666666666
0 162 0.57890625 0.39479166666666665 0.0296875 0.04791666666666667
