0 149 0.11753906249999999 0.44795833333333335 0.048984375000000004 0.08333333333333333
0 150 0.15 0.42372916666666666 0.0484375 0.07291666666666667
0 151 0.201171875 0.4152604166666667 0.0421875 0.0770625
0 152 0.24298437499999997 0.4077083333333333 0.03125 0.0625
0 153 0.27342187500000004 0.39727083333333335 0.0234375 0.0625
0 154 0.29434375 0.39272916666666663 0.0203125 0.04375
0 155 0.319296875 0.38958333333333334 0.01875 0.04583333333333333
0 156 0.64628125 0.4125 0.0843125 0.09416666666666668
0 157 0.538046875 0.37572916666666667 0.025 0.04145833333333333
0 158 0.423296875 0.378875 0.025 0.035416666666666666
0 160 0.3406875 0.38160416666666663 0.021875 0.0375
0 161 0.49178125 0.37954166666666667 0.0234375 0.035416666666666666
0 162 0.57890625 0.39479166666666665 0.0296875 0.04791666666666667
