0 148 0.12132812500000001 0.46770833333333334 0.06359375 0.11041666666666666
0 149 0.171875 0.4479166666666667 0.065625 0.08333333333333333
0 150 0.22109375 0.434375 0.0484375 0.07291666666666667
0 151 0.25546875 0.421875 0.0421875 0.06875
0 152 0.284375 0.41458333333333336 0.03125 0.0625
0 153 0.31015625 0.4041666666666667 0.0234375 0.0625
0 154 0.33984375 0.39479166666666665 0.0203125 0.04375
0 155 0.3578125 0.38958333333333334 0.01875 0.04583333333333333
0 156 0.6390625 0.41458333333333336 0.075 0.07916666666666666
0 157 0.54375 0.38125 0.025 0.03333333333333333
0 158 0.478125 0.38229166666666664 0.025 0.035416666666666666
0 160 0.383671875 0.3846458333333333 0.021875 0.0375
0 161 0.44296875 0.387125 0.0234375 0.035416666666666666
0 162 0.58046875 0.39479166666666665 0.0296875 0.04791666666666667
