0 148 0.134375 0.4552083333333333 0.084375 0.11041666666666666
0 149 0.1921875 0.4375 0.065625 0.08333333333333333
0 150 0.23671875 0.428125 0.0484375 0.07291666666666667
0 151 0.26953125 0.41770833333333335 0.0421875 0.06875
0 152 0.296875 0.4083333333333333 0.03125 0.0625
0 153 0.31953125 0.4 0.0234375 0.0625
0 154 0.375296875 0.384375 0.0140625 0.04375
0 155 0.35625 0.3875 0.01875 0.04583333333333333
0 156 0.6375 0.4083333333333333 0.06875 0.07916666666666666
0 157 0.5484375 0.38125 0.025 0.03333333333333333
0 158 0.4515625 0.38229166666666664 0.025 0.035416666666666666
0 160 0.384375 0.384375 0.021875 0.04375
0 161 0.42421875 0.37604166666666666 0.0234375 0.035416666666666666
0 162 0.58515625 0.390625 0.0296875 0.04791666666666667
