0 148 0.11875 0.4635416666666667 0.078125 0.11041666666666666
0 149 0.1765625 0.44583333333333336 0.065625 0.08333333333333333
0 150 0.22578125 0.434375 0.0484375 0.07291666666666667
0 151 0.25859375 0.4239583333333333 0.0421875 0.06875
0 152 0.2875 0.41458333333333336 0.03125 0.0625
0 153 0.31328125 0.4041666666666667 0.0234375 0.0625
0 154 0.34103125 0.393375 0.0203125 0.04375
0 155 0.360828125 0.3875416666666667 0.01875 0.04583333333333333
0 156 0.63953125 0.4125 0.0759375 0.07916666666666666
0 157 0.54375 0.3854166666666667 0.025 0.03333333333333333
0 158 0.478125 0.38229166666666664 0.025 0.035416666666666666
0 160 0.38856250000000003 0.38333333333333336 0.021875 0.0375
0 161 0.41370312499999995 0.3844166666666667 0.0234375 0.035416666666666666
0 162 0.58046875 0.39479166666666665 0.0296875 0.04791666666666667
