0 149 0.13753125000000002 0.448875 0.08828125 0.08333333333333333
0 150 0.1945 0.4302708333333333 0.0484375 0.07291666666666667
0 151 0.23181250000000003 0.41477083333333337 0.0421875 0.06875
0 152 0.264515625 0.4028958333333333 0.03125 0.0625
0 153 0.295640625 0.39727083333333335 0.0234375 0.0625
0 154 0.323265625 0.3874375 0.0203125 0.04375
0 155 0.34314062500000003 0.38314583333333335 0.01875 0.04583333333333333
0 156 0.641625 0.4111458333333333 0.075 0.07916666666666666
0 157 0.5390937499999999 0.37711458333333336 0.025 0.0394375
0 158 0.430265625 0.378875 0.025 0.035416666666666666
0 160 0.367984375 0.37875000000000003 0.021875 0.0375
0 161 0.4955 0.37954166666666667 0.0234375 0.035416666666666666
0 162 0.57890625 0.39479166666666665 0.0296875 0.04791666666666667
