0 148 0.11875 0.46979166666666666 0.053125 0.11041666666666666
0 149 0.1671875 0.45 0.065625 0.08333333333333333
0 150 0.21796875 0.43854166666666666 0.0484375 0.07291666666666667
0 151 0.25234375 0.4239583333333333 0.0421875 0.06875
0 152 0.2828125 0.41458333333333336 0.03125 0.0625
0 153 0.30703125 0.4041666666666667 0.0234375 0.0625
0 154 0.33671875 0.39479166666666665 0.0203125 0.04375
0 155 0.35625 0.38958333333333334 0.01875 0.04583333333333333
0 156 0.6375 0.41458333333333336 0.075 0.07916666666666666
0 157 0.54375 0.3854166666666667 0.025 0.03333333333333333
0 158 0.471875 0.3802083333333333 0.025 0.035416666666666666
0 160 0.38125 0.37916666666666665 0.021875 0.0375
0 161 0.437875 0.38108333333333333 0.0234375 0.035416666666666666
0 162 0.58046875 0.39479166666666665 0.0296875 0.04791666666666667
