0 148 0.1203125 0.4635416666666667 0.078125 0.11041666666666666
0 149 0.1796875 0.44375 0.065625 0.08333333333333333
0 150 0.22734375 0.434375 0.0484375 0.07291666666666667
0 151 0.26171875 0.421875 0.0421875 0.06875
0 152 0.290625 0.4125 0.03125 0.0625
0 153 0.31171875 0.4041666666666667 0.0234375 0.0625
0 154 0.36396875 0.39058333333333334 0.02078125 0.04375
0 155 0.33821875 0.3943541666666667 0.01875 0.04583333333333333
0 156 0.6359375 0.4125 0.06875 0.07916666666666666
0 157 0.546875 0.38125 0.025 0.03333333333333333
0 158 0.48125 0.38229166666666664 0.025 0.035416666666666666
0 160 0.39221875 0.3837083333333334 0.021875 0.03825
0 161 0.42578125 0.371875 0.0234375 0.035416666666666666
0 162 0.58046875 0.39479166666666665 0.0296875 0.04791666666666667
