0 148 0.1111875 0.47050000000000003 0.0390625 0.11041666666666666
0 149 0.1480234375 0.45139583333333333 0.076953125 0.08333333333333333
0 150 0.204484375 0.4357916666666667 0.0484375 0.07291666666666667
0 151 0.240421875 0.41983333333333334 0.0421875 0.06875
0 152 0.27190625 0.4111666666666667 0.03125 0.0625
0 153 0.30184375 0.40210416666666665 0.0234375 0.0625
0 154 0.3305 0.3920416666666667 0.0203125 0.04375
0 155 0.349515625 0.38683333333333336 0.01875 0.04583333333333333
0 156 0.641625 0.4138958333333333 0.075 0.07916666666666666
0 157 0.54115625 0.379875 0.025 0.035375000000000004
0 158 0.43568749999999995 0.381625 0.025 0.035416666666666666
0 160 0.373484375 0.3816875 0.021875 0.0375
0 161 0.497984375 0.38160416666666663 0.0234375 0.035416666666666666
0 162 0.57890625 0.39479166666666665 0.0296875 0.04791666666666667
