0 149 0.1371875 0.44795833333333335 0.08828125 0.08333333333333333
0 150 0.193125 0.42889583333333337 0.0484375 0.07291666666666667
0 151 0.23112499999999997 0.41431250000000003 0.0421875 0.06875
0 152 0.263140625 0.4015208333333333 0.03125 0.0625
0 153 0.29357812499999997 0.39589583333333334 0.0234375 0.0625
0 154 0.321203125 0.3865208333333333 0.0203125 0.04375
0 155 0.34176562499999996 0.3826875 0.01875 0.04583333333333333
0 156 0.641625 0.41045833333333337 0.075 0.07916666666666666
0 157 0.538578125 0.37642708333333336 0.025 0.0404375
0 158 0.428453125 0.378875 0.025 0.035416666666666666
0 160 0.36729687499999997 0.37783333333333335 0.021875 0.0375
0 161 0.494671875 0.37954166666666667 0.0234375 0.035416666666666666
0 162 0.57890625 0.39479166666666665 0.0296875 0.04791666666666667
