0 148 0.13125 0.465625 0.078125 0.11041666666666666
0 149 0.1890625 0.4395833333333333 0.065625 0.08333333333333333
0 150 0.23203125 0.43020833333333336 0.0484375 0.07291666666666667
0 151 0.26796875 0.41770833333333335 0.0421875 0.06875
0 152 0.29375 0.41041666666666665 0.03125 0.0625
0 153 0.31796875 0.4 0.0234375 0.0625
0 154 0.372625 0.387125 0.0140625 0.04375
0 155 0.353125 0.39375 0.01875 0.04583333333333333
0 156 0.6375 0.4125 0.06875 0.07916666666666666
0 157 0.546875 0.38125 0.025 0.03333333333333333
0 158 0.45 0.38645833333333335 0.025 0.035416666666666666
0 160 0.395921875 0.384375 0.021875 0.04375
0 161 0.42109375 0.378125 0.0234375 0.035416666666666666
0 162 0.58359375 0.390625 0.0296875 0.04791666666666667
