0 149 0.13821875 0.4507083333333333 0.08828125 0.08333333333333333
0 150 0.19724999999999998 0.4330416666666667 0.0484375 0.07291666666666667
0 151 0.23318750000000002 0.4156875 0.0421875 0.06875
0 152 0.267265625 0.40564583333333337 0.03125 0.0625
0 153 0.29978125 0.4000416666666667 0.0234375 0.0625
0 154 0.327390625 0.3892916666666667 0.0203125 0.04375
0 155 0.345890625 0.3840625 0.01875 0.04583333333333333
0 156 0.641625 0.41252083333333334 0.075 0.07916666666666666
0 157 0.540125 0.3784895833333333 0.025 0.03739583333333333
0 158 0.433890625 0.378875 0.025 0.035416666666666666
0 160 0.369359375 0.38058333333333333 0.021875 0.0375
0 161 0.49715625 0.37954166666666667 0.0234375 0.035416666666666666
0 162 0.57890625 0.39479166666666665 0.0296875 0.04791666666666667
