0 149 0.1302890625 0.44795833333333335 0.074484375 0.08333333333333333
0 150 0.186921875 0.42614583333333333 0.0484375 0.07291666666666667
0 151 0.2290625 0.41339583333333335 0.0421875 0.06875
0 152 0.26175000000000004 0.40060416666666665 0.03125 0.0625
0 153 0.29081250000000003 0.39406250000000004 0.0234375 0.0625
0 154 0.31637499999999996 0.3846875 0.0203125 0.04375
0 155 0.3383125 0.3826875 0.01875 0.04583333333333333
0 156 0.6441328125 0.4102395833333334 0.080015625 0.08964583333333334
0 157 0.538046875 0.37572916666666667 0.025 0.04145833333333333
0 158 0.426734375 0.378875 0.025 0.035416666666666666
0 160 0.36453125000000003 0.3768958333333333 0.021875 0.0375
0 161 0.49349999999999994 0.37954166666666667 0.0234375 0.035416666666666666
0 162 0.57890625 0.39479166666666665 0.0296875 0.04791666666666667
