0 149 0.13373437500000002 0.44795833333333335 0.081375 0.08333333333333333
0 150 0.19003125 0.42752083333333335 0.0484375 0.07291666666666667
0 151 0.23009374999999999 0.4138541666666667 0.0421875 0.06875
0 152 0.2624375 0.4010625 0.03125 0.0625
0 153 0.292203125 0.39497916666666666 0.0234375 0.0625
0 154 0.31878125 0.3856041666666667 0.0203125 0.04375
0 155 0.34004687499999997 0.3826875 0.01875 0.04583333333333333
0 156 0.6437031249999999 0.4097916666666667 0.07915625 0.08875000000000001
0 157 0.538046875 0.37572916666666667 0.025 0.04145833333333333
0 158 0.42759375000000005 0.378875 0.025 0.035416666666666666
0 160 0.36590625 0.37737499999999996 0.021875 0.0375
0 161 0.49384375 0.37954166666666667 0.0234375 0.035416666666666666
0 162 0.57890625 0.39479166666666665 0.0296875 0.04791666666666667
