0 149 0.11753906249999999 0.44795833333333335 0.048984375000000004 0.08333333333333333
0 150 0.155421875 0.4240833333333333 0.0484375 0.07291666666666667
0 151 0.20632812500000003 0.41617708333333336 0.0421875 0.0770625
0 152 0.249703125 0.40839583333333335 0.03125 0.0625
0 153 0.280140625 0.39866666666666667 0.0234375 0.0625
0 154 0.29846875 0.3934166666666667 0.0203125 0.04375
0 155 0.32265625 0.38958333333333334 0.01875 0.04583333333333333
0 156 0.64628125 0.4125 0.0843125 0.09416666666666668
0 157 0.538046875 0.37572916666666667 0.025 0.04145833333333333
0 158 0.423296875 0.378875 0.025 0.035416666666666666
0 160 0.344046875 0.38127083333333334 0.021875 0.0375
0 161 0.49178125 0.37954166666666667 0.0234375 0.035416666666666666
0 162 0.57890625 0.39479166666666665 0.0296875 0.04791666666666667
