0 149 0.13787500000000003 0.4497916666666667 0.08828125 0.08333333333333333
0 150 0.195875 0.43164583333333334 0.0484375 0.07291666666666667
0 151 0.2325 0.41522916666666665 0.0421875 0.06875
0 152 0.265890625 0.40427083333333336 0.03125 0.0625
0 153 0.297703125 0.39866666666666667 0.0234375 0.0625
0 154 0.325328125 0.38835416666666667 0.0203125 0.04375
0 155 0.344515625 0.38360416666666663 0.01875 0.04583333333333333
0 156 0.641625 0.41183333333333333 0.075 0.07916666666666666
0 157 0.5396093750000001 0.3778020833333333 0.025 0.03839583333333333
0 158 0.432078125 0.378875 0.025 0.035416666666666666
0 160 0.368671875 0.3796666666666667 0.021875 0.0375
0 161 0.49632812499999995 0.37954166666666667 0.0234375 0.035416666666666666
0 162 0.57890625 0.39479166666666665 0.0296875 0.04791666666666667
