0 148 0.125 0.4622291666666667 0.078125 0.11041666666666666
0 149 0.1828125 0.44166666666666665 0.065625 0.08333333333333333
0 150 0.23046875 0.43020833333333336 0.0484375 0.07291666666666667
0 151 0.26484375 0.4197916666666667 0.0421875 0.06875
0 152 0.2953125 0.41458333333333336 0.03125 0.0625
0 153 0.31640625 0.4 0.0234375 0.0625
0 154 0.340546875 0.3919583333333333 0.01609375 0.04375
0 155 0.362953125 0.3889375 0.01875 0.04583333333333333
0 156 0.6359375 0.4083333333333333 0.06875 0.07916666666666666
0 157 0.5453125 0.38125 0.025 0.03333333333333333
0 158 0.48125 0.38645833333333335 0.025 0.035416666666666666
0 160 0.3953125 0.38645833333333335 0.021875 0.04375
0 161 0.42265625 0.378125 0.0234375 0.035416666666666666
0 162 0.58359375 0.390625 0.0296875 0.04791666666666667
