0 148 0.1359375 0.4552083333333333 0.0875 0.11041666666666666
0 149 0.196875 0.4354166666666667 0.065625 0.08333333333333333
0 150 0.24140625 0.428125 0.0484375 0.07291666666666667
0 151 0.27109375 0.415625 0.0421875 0.06875
0 152 0.3 0.4083333333333333 0.03125 0.0625
0 153 0.32265625 0.3958333333333333 0.0234375 0.0625
0 154 0.34309375000000003 0.39408333333333334 0.0140625 0.04375
0 155 0.35625 0.39166666666666666 0.01875 0.04583333333333333
0 156 0.6375 0.41041666666666665 0.06875 0.07916666666666666
0 157 0.5484375 0.38125 0.025 0.03333333333333333
0 158 0.4828125 0.38229166666666664 0.025 0.035416666666666666
0 160 0.387171875 0.3865208333333333 0.021875 0.04375
0 161 0.42421875 0.378125 0.0234375 0.035416666666666666
0 162 0.58515625 0.3885416666666667 0.0296875 0.04791666666666667
