0 148 0.110671875 0.4711875 0.0390625 0.11041666666666666
0 149 0.1529140625 0.4517291666666667 0.07129687500000001 0.08333333333333333
0 150 0.20810937499999999 0.43716666666666665 0.0484375 0.07291666666666667
0 151 0.244046875 0.4218958333333333 0.0421875 0.06875
0 152 0.274234375 0.41391666666666665 0.03125 0.0625
0 153 0.302875 0.403125 0.0234375 0.0625
0 154 0.33204687499999996 0.3934166666666667 0.0203125 0.04375
0 155 0.3513125 0.3882083333333333 0.01875 0.04583333333333333
0 156 0.641625 0.41458333333333336 0.075 0.07916666666666666
0 157 0.541671875 0.3805625 0.025 0.034333333333333334
0 158 0.43568749999999995 0.384375 0.025 0.035416666666666666
0 160 0.3755625 0.3822291666666667 0.021875 0.0375
0 161 0.497984375 0.38366666666666666 0.0234375 0.035416666666666666
0 162 0.57890625 0.39479166666666665 0.0296875 0.04791666666666667
