0 148 0.11453125 0.4739583333333333 0.0459375 0.11041666666666666
0 149 0.1625 0.45208333333333334 0.065625 0.08333333333333333
0 150 0.21484375 0.43854166666666666 0.0484375 0.07291666666666667
0 151 0.24921875 0.4239583333333333 0.0421875 0.06875
0 152 0.2796875 0.41458333333333336 0.03125 0.0625
0 153 0.30546875 0.4041666666666667 0.0234375 0.0625
0 154 0.33359375 0.3927083333333333 0.0203125 0.04375
0 155 0.3546875 0.38958333333333334 0.01875 0.04583333333333333
0 156 0.6375 0.41458333333333336 0.075 0.07916666666666666
0 157 0.54375 0.3854166666666667 0.025 0.03333333333333333
0 158 0.4390625 0.3885416666666667 0.025 0.035416666666666666
0 160 0.3796875 0.38333333333333336 0.021875 0.0375
0 161 0.497984375 0.38779166666666665 0.0234375 0.035416666666666666
0 162 0.57890625 0.39479166666666665 0.0296875 0.04791666666666667
