0 148 0.1399765625 0.45247916666666665 0.087703125 0.11141666666666666
0 149 0.20201562499999998 0.4360104166666667 0.06715625 0.08402083333333334
0 150 0.24432031250000003 0.426375 0.048453125 0.073
0 151 0.27465625 0.4189166666666667 0.042249999999999996 0.068875
0 152 0.30399218749999996 0.4091666666666667 0.031578125 0.06270833333333334
0 153 0.3254921875 0.40155208333333337 0.023515625000000002 0.06360416666666667
0 154 0.34598437499999996 0.39528125 0.014781250000000001 0.043895833333333335
0 155 0.35875 0.39125000000000004 0.0188125 0.04658333333333333
0 156 0.6405859374999999 0.41051041666666666 0.069203125 0.07972916666666667
0 157 0.51259375 0.38318749999999996 0.02553125 0.034041666666666665
0 158 0.45346875000000003 0.38229166666666664 0.02553125 0.035833333333333335
0 160 0.38394531249999997 0.3916979166666667 0.022171875 0.0456875
0 161 0.42325 0.38229166666666664 0.0241875 0.035833333333333335
