0 148 0.1111875 0.47050000000000003 0.0390625 0.11041666666666666
0 149 0.1431171875 0.4510416666666667 0.082609375 0.08333333333333333
0 150 0.200875 0.4344166666666667 0.0484375 0.07291666666666667
0 151 0.2368125 0.41775 0.0421875 0.06875
0 152 0.26959374999999997 0.40839583333333335 0.03125 0.0625
0 153 0.30081250000000004 0.4010625 0.0234375 0.0625
0 154 0.3289375 0.39066666666666666 0.0203125 0.04375
0 155 0.347703125 0.38545833333333335 0.01875 0.04583333333333333
0 156 0.641625 0.41320833333333334 0.075 0.07916666666666666
0 157 0.540640625 0.37918749999999996 0.025 0.036375000000000005
0 158 0.43568749999999995 0.378875 0.025 0.035416666666666666
0 160 0.371421875 0.381125 0.021875 0.0375
0 161 0.497984375 0.37954166666666667 0.0234375 0.035416666666666666
0 162 0.57890625 0.39479166666666665 0.0296875 0.04791666666666667
