0 149 0.12064062499999999 0.44795833333333335 0.0551875 0.08333333333333333
0 150 0.172125 0.4247708333333333 0.0484375 0.07291666666666667
0 151 0.217015625 0.4129375 0.0421875 0.06875
0 152 0.254171875 0.4001458333333333 0.03125 0.0625
0 153 0.28325 0.39314583333333336 0.0234375 0.0625
0 154 0.309140625 0.391125 0.0203125 0.04375
0 155 0.33178125 0.3872916666666667 0.01875 0.04583333333333333
0 156 0.645421875 0.41159375 0.08259375 0.09235416666666667
0 157 0.538046875 0.37572916666666667 0.025 0.04145833333333333
0 158 0.42415624999999996 0.378875 0.025 0.035416666666666666
0 160 0.354890625 0.37920833333333337 0.021875 0.0375
0 161 0.49246875 0.37954166666666667 0.0234375 0.035416666666666666
0 162 0.57890625 0.39479166666666665 0.0296875 0.04791666666666667
