0 148 0.1390625 0.453125 0.0875 0.11041666666666666
0 149 0.2 0.4354166666666667 0.065625 0.08333333333333333
0 150 0.24296875 0.42604166666666665 0.0484375 0.07291666666666667
0 151 0.27421875 0.415625 0.0421875 0.06875
0 152 0.3015625 0.4083333333333333 0.03125 0.0625
0 153 0.32421875 0.3958333333333333 0.0234375 0.0625
0 154 0.344390625 0.3920625 0.01715625 0.043791666666666666
0 155 0.36348437499999997 0.39029166666666665 0.01875 0.04583333333333333
0 156 0.6375 0.41041666666666665 0.06875 0.07916666666666666
0 157 0.54996875 0.3784166666666666 0.025 0.03333333333333333
0 158 0.4859375 0.378125 0.025 0.035416666666666666
0 160 0.387171875 0.38514583333333335 0.021875 0.04375
0 161 0.41640625 0.38229166666666664 0.0234375 0.035416666666666666
0 162 0.5864687500000001 0.3907083333333333 0.0304375 0.049791666666666665
