0 149 0.123734375 0.44795833333333335 0.061375 0.08333333333333333
0 150 0.17796875 0.4247708333333333 0.0484375 0.07291666666666667
0 151 0.222515625 0.4129375 0.0421875 0.06875
0 152 0.257625 0.4001458333333333 0.03125 0.0625
0 153 0.28634375 0.39314583333333336 0.0234375 0.0625
0 154 0.3115625 0.3874375 0.0203125 0.04375
0 155 0.33418749999999997 0.385 0.01875 0.04583333333333333
0 156 0.6449921875 0.4111458333333333 0.081734375 0.09145833333333334
0 157 0.538046875 0.37572916666666667 0.025 0.04145833333333333
0 158 0.425015625 0.378875 0.025 0.035416666666666666
0 160 0.35903125 0.37783333333333335 0.021875 0.0375
0 161 0.4928125 0.37954166666666667 0.0234375 0.035416666666666666
0 162 0.57890625 0.39479166666666665 0.0296875 0.04791666666666667
